    2.8900
    0.8450
   -0.7270
   -0.2230
    0.4690
    2.0410
   13.2280
    0.3170
   -0.3500
    0.1850
    0.3740
    1.2230
    2.6110
    0.5660
   -1.0060
   -0.5020
    0.1900
    1.7620
   12.9490
    0.0380
   -0.6290
   -0.0940
    0.0950
    0.9440
    2.4840
    0.4390
   -1.1330
   -0.6290
    0.0630
    1.6350
   12.8220
   -0.0890
   -0.7560
   -0.2210
   -0.0320
    0.8170
    2.2650
    0.2200
   -1.3520
   -0.8480
   -0.1560
    1.4160
   12.6030
   -0.3080
   -0.9750
   -0.4400
   -0.2510
    0.5980
    3.0820
    1.0370
   -0.5350
   -0.0310
    0.6610
    2.2330
   13.4200
    0.5090
   -0.1580
    0.3770
    0.5660
    1.4150
    0.6530
   -0.3850
   -1.4550
   -0.1120
    0.0550
    2.2890
   -0.1970
    0.0710
    1.9110
    1.4080
    5.7170
    0.8730
   -0.4490
   -1.4870
   -2.5570
   -1.2140
   -1.0470
    1.1870
   -1.2990
   -1.0310
    0.8090
    0.3060
    4.6150
   -0.2290
    0.0950
   -0.9430
   -2.0130
   -0.6700
   -0.5030
    1.7310
   -0.7550
   -0.4870
    1.3530
    0.8500
    5.1590
    0.3150
    0.0580
   -0.9800
   -2.0500
   -0.7070
   -0.5400
    1.6940
   -0.7920
   -0.5240
    1.3160
    0.8130
    5.1220
    0.2780
    0.9130
   -0.1250
   -1.1950
    0.1480
    0.3150
    2.5490
    0.0630
    0.3310
    2.1710
    1.6680
    5.9770
    1.1330
    4.6080
    0.3850
    3.1840
   -0.3070
   -0.1500
    0.3870
    1.5800
    1.5720
   -0.5270
    0.4960
   -0.4950
    2.7580
    4.0660
   -0.1570
    2.6420
   -0.8490
   -0.6920
   -0.1550
    1.0380
    1.0300
   -1.0690
   -0.0460
   -1.0370
    2.2160
    3.8360
   -0.3870
    2.4120
   -1.0790
   -0.9220
   -0.3850
    0.8080
    0.8000
   -1.2990
   -0.2760
   -1.2670
    1.9860
    4.2850
    0.0620
    2.8610
   -0.6300
   -0.4730
    0.0640
    1.2570
    1.2490
   -0.8500
    0.1730
   -0.8180
    2.4350
    4.6000
    0.3770
    3.1760
   -0.3150
   -0.1580
    0.3790
    1.5720
    1.5640
   -0.5350
    0.4880
   -0.5030
    2.7500
    3.0830
    0.4720
    1.4470
    0.0590
    1.5410
    4.7490
    1.8560
   -0.3140
   -0.5970
    3.8700
    5.8190
    3.1780
    2.6740
    0.0630
    1.0380
   -0.3500
    1.1320
    4.3400
    1.4470
   -0.7230
   -1.0060
    3.4610
    5.4100
    2.7690
    1.1900
   -1.4210
   -0.4460
   -1.8340
   -0.3520
    2.8560
   -0.0370
   -2.2070
   -2.4900
    1.9770
    3.9260
    1.2850
    2.4540
   -0.1570
    0.8180
   -0.5700
    0.9120
    4.1200
    1.2270
   -0.9430
   -1.2260
    3.2410
    5.1900
    2.5490
   -0.7780
   -3.3890
   -2.4140
   -3.8020
   -2.3200
    0.8880
   -2.0050
   -4.1750
   -4.4580
    0.0090
    1.9580
   -0.6830
    2.2660
    0.3780
   -0.4400
    0.2520
    5.2220
    0.7240
    2.0450
    0.1260
   -0.3770
    0.9760
    1.3840
    0.1580
    2.4230
    0.5350
   -0.2830
    0.4090
    5.3790
    0.8810
    2.2020
    0.2830
   -0.2200
    1.1330
    1.5410
    0.3150
    0.8500
   -1.0380
   -1.8560
   -1.1640
    3.8060
   -0.6920
    0.6290
   -1.2900
   -1.7930
   -0.4400
   -0.0320
   -1.2580
    1.9830
    0.0950
   -0.7230
   -0.0310
    4.9390
    0.4410
    1.7620
   -0.1570
   -0.6600
    0.6930
    1.1010
   -0.1250
    2.1080
    0.2200
   -0.5980
    0.0940
    5.0640
    0.5660
    1.8870
   -0.0320
   -0.5350
    0.8180
    1.2260
         0
    0.9430
    0.2510
    0.1880
    1.5720
    1.6660
    1.9490
    2.0440
    0.5660
   -0.1580
    0.2510
    0.6910
    2.1700
    0.0360
   -0.6560
   -0.7190
    0.6650
    0.7590
    1.0420
    1.1370
   -0.3410
   -1.0650
   -0.6560
   -0.2160
    1.2630
   -0.3360
   -1.0280
   -1.0910
    0.2930
    0.3870
    0.6700
    0.7650
   -0.7130
   -1.4370
   -1.0280
   -0.5880
    0.8910
    0.5340
   -0.1580
   -0.2210
    1.1630
    1.2570
    1.5400
    1.6350
    0.1570
   -0.5670
   -0.1580
    0.2820
    1.7610
    0.7230
    0.0310
   -0.0320
    1.3520
    1.4460
    1.7290
    1.8240
    0.3460
   -0.3780
    0.0310
    0.4710
    1.9500
    2.2390
    0.9120
   -0.9430
    1.5720
    0.6920
    0.1260
    0.5040
    1.6040
    0.3140
    0.5340
   10.1600
    0.7240
    1.2770
   -0.0500
   -1.9050
    0.6100
   -0.2700
   -0.8360
   -0.4580
    0.6420
   -0.6480
   -0.4280
    9.1980
   -0.2380
    1.5750
    0.2480
   -1.6070
    0.9080
    0.0280
   -0.5380
   -0.1600
    0.9400
   -0.3500
   -0.1300
    9.4960
    0.0600
    1.4650
    0.1380
   -1.7170
    0.7980
   -0.0820
   -0.6480
   -0.2700
    0.8300
   -0.4600
   -0.2400
    9.3860
   -0.0500
    0.2580
   -1.0690
   -2.9240
   -0.4090
   -1.2890
   -1.8550
   -1.4770
   -0.3770
   -1.6670
   -1.4470
    8.1790
   -1.2570
    2.6420
    0.4720
    0.5350
    2.4850
    3.7430
    3.5220
    4.1510
    1.6040
    1.8550
    2.4840
    7.4420
    2.0440
    1.6350
   -0.5350
   -0.4720
    1.4780
    2.7360
    2.5150
    3.1440
    0.5970
    0.8480
    1.4770
    6.4350
    1.0370
    0.2510
   -1.9190
   -1.8560
    0.0940
    1.3520
    1.1310
    1.7600
   -0.7870
   -0.5360
    0.0930
    5.0510
   -0.3470
   -0.4500
   -2.6200
   -2.5570
   -0.6070
    0.6510
    0.4300
    1.0590
   -1.4880
   -1.2370
   -0.6080
    4.3500
   -1.0480
   -0.8800
   -3.0500
   -2.9870
   -1.0370
    0.2210
         0
    0.6290
   -1.9180
   -1.6670
   -1.0380
    3.9200
   -1.4780