    2.3280
    0.7240
    0.9440
    1.9820
    1.2590
    2.4540
    1.9510
    2.1080
    0.9440
    1.9190
    0.2520
    1.7930
    1.1320
   -0.4720
   -0.2520
    0.7860
    0.0630
    1.2580
    0.7550
    0.9120
   -0.2520
    0.7230
   -0.9440
    0.5970
    0.0950
   -1.5090
   -1.2890
   -0.2510
   -0.9740
    0.2210
   -0.2820
   -0.1250
   -1.2890
   -0.3140
   -1.9810
   -0.4400
   -0.7860
   -2.3900
   -2.1700
   -1.1320
   -1.8550
   -0.6600
   -1.1630
   -1.0060
   -2.1700
   -1.1950
   -2.8620
   -1.3210
    0.9750
   -0.6290
   -0.4090
    0.6290
   -0.0940
    1.1010
    0.5980
    0.7550
   -0.4090
    0.5660
   -1.1010
    0.4400
    1.8570
    2.2970
    1.7620
    3.3040
    2.0130
    1.9830
    2.4860
    0.9750
    0.5360
    1.0390
    2.3590
    1.0070
   -0.1790
    0.2610
   -0.2740
    1.2680
   -0.0230
   -0.0530
    0.4500
   -1.0610
   -1.5000
   -0.9970
    0.3230
   -1.0290
    0.0730
    0.5130
   -0.0220
    1.5200
    0.2290
    0.1990
    0.7020
   -0.8090
   -1.2480
   -0.7450
    0.5750
   -0.7770
   -0.7230
   -0.2830
   -0.8180
    0.7240
   -0.5670
   -0.5970
   -0.0940
   -1.6050
   -2.0440
   -1.5410
   -0.2210
   -1.5730
   -2.5470
   -2.1070
   -2.6420
   -1.1000
   -2.3910
   -2.4210
   -1.9180
   -3.4290
   -3.8680
   -3.3650
   -2.0450
   -3.3970
   -0.7860
   -0.8490
   -2.9250
   -1.1950
   -1.7610
   -0.5760
   -0.4400
   -0.2510
   -0.6600
   -0.8480
   -1.2580
   -2.2640
    0.5350
    0.4720
   -1.6040
    0.1260
   -0.4400
    0.7450
    0.8810
    1.0700
    0.6610
    0.4730
    0.0630
   -0.9430
    0.7670
    0.7040
   -1.3720
    0.3580
   -0.2080
    0.9770
    1.1130
    1.3020
    0.8930
    0.7050
    0.2950
   -0.7110
    0.9440
    0.8810
   -1.1950
    0.5350
   -0.0310
    1.1540
    1.2900
    1.4790
    1.0700
    0.8820
    0.4720
   -0.5340
    0.5040
    0.4410
   -1.6350
    0.0950
   -0.4710
    0.7140
    0.8500
    1.0390
    0.6300
    0.4420
    0.0320
   -0.9740
    0.8860
   -0.3780
   -1.4480
    0.6280
    4.5670
    0.8170
    4.2770
   -1.0080
    0.3770
    0.1250
    0.3450
    1.1000
    0.6350
   -0.6290
   -1.6990
    0.3770
    4.3160
    0.5660
    4.0260
   -1.2590
    0.1260
   -0.1260
    0.0940
    0.8490
   -0.0800
   -1.3440
   -2.4140
   -0.3380
    3.6010
   -0.1490
    3.3110
   -1.9740
   -0.5890
   -0.8410
   -0.6210
    0.1340
   -0.8750
   -2.1390
   -3.2090
   -1.1330
    2.8060
   -0.9440
    2.5160
   -2.7690
   -1.3840
   -1.6360
   -1.4160
   -0.6610
   -0.3080
   -1.5720
   -2.6420
   -0.5660
    3.3730
   -0.3770
    3.0830
   -2.2020
   -0.8170
   -1.0690
   -0.8490
   -0.0940