    1.8170
    0.1490
    0.2120
    0.8410
    1.3130
    1.7850
    5.5280
    0.6010
    0.4010
    2.0680
    1.1880
    0.3700
    1.4790
   -0.1890
   -0.1260
    0.5030
    0.9750
    1.4470
    5.1900
    0.2630
    0.0630
    1.7300
    0.8500
    0.0320
    1.7930
    0.1250
    0.1880
    0.8170
    1.2890
    1.7610
    5.5040
    0.5770
    0.3770
    2.0440
    1.1640
    0.3460
    1.1330
   -0.5350
   -0.4720
    0.1570
    0.6290
    1.1010
    4.8440
   -0.0830
   -0.2830
    1.3840
    0.5040
   -0.3140
    1.4790
   -0.1890
   -0.1260
    0.5030
    0.9750
    1.4470
    5.1900
    0.2630
    0.0630
    1.7300
    0.8500
    0.0320
    1.8070
    0.2340
   -0.5210
    0.6750
    0.7060
    1.9950
    1.0200
    0.7290
    0.4540
    2.9070
    0.7060
    0.5400
    1.6360
    0.0630
   -0.6920
    0.5040
    0.5350
    1.8240
    0.8490
    0.5580
    0.2830
    2.7360
    0.5350
    0.3690
    1.9500
    0.3770
   -0.3780
    0.8180
    0.8490
    2.1380
    1.1630
    0.8720
    0.5970
    3.0500
    0.8490
    0.6830
    1.6320
    0.0590
   -0.6960
    0.5000
    0.5310
    1.8200
    0.8450
    0.5540
    0.2790
    2.7320
    0.5310
    0.3650
    2.0760
    0.5030
   -0.2520
    0.9440
    0.9750
    2.2640
    1.2890
    0.9980
    0.7230
    3.1760
    0.9750
    0.8090
   -0.6740
   -1.4600
    0.3640
   -1.3030
   -0.8930
    0.3650
    4.4220
   -1.4600
   -2.0880
    1.3710
   -1.6800
   -0.3910
    0.5340
   -0.2520
    1.5720
   -0.0950
    0.3150
    1.5730
    5.6300
   -0.2520
   -0.8800
    2.5790
   -0.4720
    0.8170
    0.9110
    0.1250
    1.9490
    0.2820
    0.6920
    1.9500
    6.0070
    0.1250
   -0.5030
    2.9560
   -0.0950
    1.1940
    1.0840
    0.2980
    2.1220
    0.4550
    0.8650
    2.1230
    6.1800
    0.2980
   -0.3300
    3.1290
    0.0780
    1.3670
    1.6010
    0.8150
    2.6390
    0.9720
    1.3820
    2.6400
    6.6970
    0.8150
    0.1870
    3.6460
    0.5950
    1.8840
    2.2330
    0.2830
    2.1390
    0.3460
    2.2330
    0.5620
    3.0200
    0.6920
   -0.2200
    2.1390
    0.3140
    0.2200
    2.0750
    0.1250
    1.9810
    0.1880
    2.0750
    0.4040
    2.8620
    0.5340
   -0.3780
    1.9810
    0.1560
    0.0620
    1.8560
   -0.0940
    1.7620
   -0.0310
    1.8560
    0.1850
    2.6430
    0.3150
   -0.5970
    1.7620
   -0.0630
   -0.1570
    1.3210
   -0.6290
    1.2270
   -0.5660
    1.3210
   -0.3500
    2.1080
   -0.2200
   -1.1320
    1.2270
   -0.5980
   -0.6920
    1.1000
   -0.8500
    1.0060
   -0.7870
    1.1000
   -0.5710
    1.8870
   -0.4410
   -1.3530
    1.0060
   -0.8190
   -0.9130
    1.7930
    1.4780
   -0.3450
    0.9440
    1.1640
    0.5660
    3.4680
    1.4160
   -0.0940
    2.1070
    9.8390
    0.7240
    0.9750
    0.6600
   -1.1630
    0.1260
    0.3460
   -0.2520
    2.6500
    0.5980
   -0.9120
    1.2890
    9.0210
   -0.0940
    1.1320
    0.8170
   -1.0060
    0.2830
    0.5030
   -0.0950
    2.8070
    0.7550
   -0.7550
    1.4460
    9.1780
    0.0630
    1.2160
    0.9010
   -0.9220
    0.3670
    0.5870
   -0.0110
    2.8910
    0.8390
   -0.6710
    1.5300
    9.2620
    0.1470
    1.3210
    1.0060
   -0.8170
    0.4720
    0.6920
    0.0940
    2.9960
    0.9440
   -0.5660
    1.6350
    9.3670
    0.2520
    1.3990
    1.0060
    0.5030
    1.4470
    2.6740
    2.5170
    6.0080
    1.2590
    0.0630
    1.5090
    4.1780
    3.7770
    0.6050
    0.2120
   -0.2910
    0.6530
    1.8800
    1.7230
    5.2140
    0.4650
   -0.7310
    0.7150
    3.3840
    2.9830
   -0.0480
   -0.4410
   -0.9440
   -0.0000
    1.2270
    1.0700
    4.5610
   -0.1880
   -1.3840
    0.0620
    2.7310
    2.3300
    0.4860
    0.0930
   -0.4100
    0.5340
    1.7610
    1.6040
    5.0950
    0.3460
   -0.8500
    0.5960
    3.2650
    2.8640
    1.2420
    0.8490
    0.3460
    1.2900
    2.5170
    2.3600
    5.8510
    1.1020
   -0.0940
    1.3520
    4.0210
    3.6200
    0.8490
   -0.6610
   -0.3850
    0.4710
    1.2790
    1.3210
    1.3160
    0.8330
    0.0940
    3.1450
    7.9810
    0.5390
    1.0380
   -0.4720
   -0.1960
    0.6600
    1.4680
    1.5100
    1.5050
    1.0220
    0.2830
    3.3340
    8.1700
    0.7280
    0.6830
   -0.8270
   -0.5510
    0.3050
    1.1130
    1.1550
    1.1500
    0.6670
   -0.0720
    2.9790
    7.8150
    0.3730
    1.1250
   -0.3850
   -0.1090
    0.7470
    1.5550
    1.5970
    1.5920
    1.1090
    0.3700
    3.4210
    8.2570
    0.8150
    0.8360
   -0.6740
   -0.3980
    0.4580
    1.2660
    1.3080
    1.3030
    0.8200
    0.0810
    3.1320
    7.9680
    0.5260